$ANSIBLE_VAULT;1.1;AES256
63663637323833313532363064336464653334633666383531363566353239626261323861353163
3230633432323730376463356132353863653533643338310a643064316633396266353766386430
37353165313431663462393736373638303034383437303863333065646536633766386234336362
6335373766336266630a333561373537356130356665313964356338353365643435353032363135
66346166346137636435646163386464373063653736343130343934653838333831613861303635
64633332336266376362353464353639653033343932613965336266616361656263643939323236
36396265356438323861336537633031383966643264666536643031306162333362356131366134
36666433663664326666383632386431383937336364346166653966396331323831353237326362
64396134366639393037623130386337633566323335643763346335613431666336363730633237
34383363383537643133333634396366343261313964343636396438373563363031623537313638
31383933383239646336663834313936313536383938616133653963326162666134313935363362
30376434653931636231
